HG00096	0.002139 0.000010 0.000010 0.000010 0.997831
HG00097	0.003831 0.000010 0.008364 0.000010 0.987785
HG00099	0.004992 0.000010 0.001233 0.000010 0.993755
HG00100	0.000010 0.000010 0.000010 0.000010 0.999960
HG00101	0.007205 0.000010 0.000349 0.000010 0.992426
HG00102	0.003253 0.000010 0.002139 0.000010 0.994587
HG00103	0.005277 0.000010 0.000010 0.000010 0.994693
HG00105	0.005886 0.000010 0.000010 0.000010 0.994084
HG00106	0.000010 0.000010 0.018287 0.000010 0.981683
HG00107	0.005165 0.000010 0.000010 0.000010 0.994805
HG00108	0.000010 0.000010 0.000010 0.000010 0.999960
HG00109	0.000010 0.000010 0.000010 0.000010 0.999960
HG00110	0.001798 0.001102 0.000010 0.000010 0.997080
HG00111	0.007103 0.000010 0.000599 0.000010 0.992278
HG00112	0.001763 0.000351 0.001792 0.000010 0.996084
HG00113	0.003406 0.000010 0.000010 0.000010 0.996564
HG00114	0.003410 0.000010 0.002242 0.000010 0.994327
HG00115	0.000010 0.000010 0.009043 0.000010 0.990927
HG00116	0.000010 0.000010 0.000010 0.000010 0.999960
HG00117	0.003868 0.000014 0.000010 0.000010 0.996098
HG00118	0.003403 0.000010 0.010278 0.000010 0.986298
HG00119	0.001859 0.000010 0.000010 0.000010 0.998111
HG00120	0.000010 0.000010 0.000010 0.000010 0.999960
HG00121	0.003163 0.000010 0.000010 0.000010 0.996807
HG00122	0.003605 0.000010 0.004171 0.000010 0.992204
HG00123	0.000010 0.000010 0.000010 0.000010 0.999960
HG00125	0.005001 0.000010 0.000010 0.000010 0.994969
HG00126	0.000010 0.000010 0.007517 0.000010 0.992453
HG00127	0.004461 0.000010 0.000010 0.000010 0.995509
HG00128	0.000013 0.000010 0.002219 0.000010 0.997747
HG00129	0.003197 0.000010 0.001311 0.000010 0.995472
HG00130	0.000010 0.000010 0.009323 0.000010 0.990647
HG00131	0.000010 0.004527 0.000010 0.000010 0.995443
HG00132	0.000010 0.000010 0.007370 0.000010 0.992600
HG00133	0.002970 0.000010 0.000986 0.000010 0.996024
HG00136	0.001791 0.003882 0.000010 0.000010 0.994307
HG00137	0.000010 0.002764 0.000010 0.000010 0.997206
HG00138	0.000010 0.000010 0.000010 0.000010 0.999960
HG00139	0.000015 0.000010 0.000010 0.000010 0.999955
HG00140	0.000012 0.001760 0.000010 0.000010 0.998208
HG00141	0.005226 0.000010 0.004126 0.000010 0.990629
HG00142	0.000010 0.000641 0.001113 0.000010 0.998226
HG00143	0.000010 0.000010 0.002200 0.000010 0.997770
HG00145	0.000010 0.001764 0.000010 0.000010 0.998206
HG00146	0.000657 0.000010 0.000010 0.000010 0.999313
HG00148	0.000010 0.000010 0.005440 0.000010 0.994530
HG00149	0.000010 0.000010 0.000010 0.000010 0.999960
HG00150	0.003355 0.000010 0.004938 0.000010 0.991686
HG00151	0.000010 0.000010 0.011289 0.000010 0.988681
HG00154	0.000010 0.000010 0.000010 0.000010 0.999960
HG00155	0.005969 0.000010 0.000010 0.000010 0.994001
HG00157	0.000010 0.000010 0.000010 0.000010 0.999960
HG00158	0.005273 0.000010 0.000010 0.000010 0.994697
HG00159	0.000010 0.000010 0.000010 0.000010 0.999960
HG00160	0.002254 0.000010 0.000010 0.000010 0.997716
HG00171	0.026357 0.059640 0.000010 0.000010 0.913983
HG00173	0.029691 0.044126 0.000010 0.000010 0.926163
HG00174	0.019651 0.033733 0.000010 0.000010 0.946596
HG00176	0.021501 0.060926 0.000010 0.000010 0.917554
HG00177	0.028704 0.067439 0.000010 0.000010 0.903837
HG00178	0.016017 0.055697 0.000010 0.000010 0.928266
HG00179	0.027106 0.058677 0.000010 0.000010 0.914197
HG00180	0.018716 0.064118 0.000010 0.000010 0.917147
HG00181	0.013698 0.044138 0.012991 0.003041 0.926131
HG00182	0.032183 0.056055 0.000010 0.000010 0.911743
HG00183	0.024248 0.050083 0.000010 0.000010 0.925649
HG00185	0.019726 0.063117 0.000507 0.000010 0.916641
HG00186	0.030152 0.050417 0.000010 0.000010 0.919411
HG00187	0.030685 0.063842 0.000010 0.000010 0.905453
HG00188	0.021624 0.047626 0.000010 0.000010 0.930730
HG00189	0.018463 0.057079 0.000010 0.000010 0.924438
HG00190	0.018333 0.042545 0.004598 0.000010 0.934514
HG00231	0.002999 0.000010 0.005711 0.000010 0.991271
HG00232	0.000010 0.000010 0.000010 0.000010 0.999960
HG00233	0.004134 0.000010 0.008460 0.000010 0.987386
HG00234	0.000010 0.000010 0.006712 0.000010 0.993258
HG00235	0.000010 0.000010 0.005712 0.000010 0.994258
HG00236	0.000010 0.000010 0.000010 0.000010 0.999960
HG00237	0.000010 0.000010 0.000010 0.000010 0.999960
HG00238	0.000017 0.000010 0.007534 0.000010 0.992429
HG00239	0.000013 0.000010 0.000010 0.000010 0.999957
HG00240	0.004007 0.000010 0.000091 0.000010 0.995882
HG00242	0.006286 0.000010 0.000010 0.000010 0.993684
HG00243	0.003771 0.000010 0.000010 0.000010 0.996199
HG00244	0.001499 0.000010 0.004162 0.000010 0.994319
HG00245	0.000010 0.000011 0.000010 0.000010 0.999959
HG00246	0.000652 0.001316 0.003616 0.000010 0.994406
HG00250	0.001636 0.000588 0.000010 0.000010 0.997756
HG00251	0.001974 0.000010 0.004117 0.000010 0.993889
HG00252	0.000010 0.000010 0.000010 0.000010 0.999960
HG00253	0.000010 0.000010 0.000010 0.000010 0.999960
HG00254	0.000010 0.000269 0.000010 0.000010 0.999701
HG00255	0.004038 0.000010 0.003948 0.000010 0.991994
HG00256	0.000010 0.000010 0.000010 0.000010 0.999960
HG00257	0.000010 0.000310 0.000010 0.000010 0.999660
HG00258	0.000018 0.000017 0.000010 0.000010 0.999944
HG00259	0.000010 0.000010 0.000010 0.000010 0.999960
HG00260	0.000401 0.000808 0.000010 0.000010 0.998771
HG00261	0.000010 0.000694 0.000010 0.000010 0.999276
HG00262	0.000011 0.000010 0.000010 0.000010 0.999959
HG00263	0.000012 0.000010 0.000010 0.000010 0.999958
HG00264	0.003948 0.000010 0.000010 0.000010 0.996022
HG00265	0.000010 0.000010 0.000010 0.000010 0.999960
HG00266	0.020550 0.053134 0.000010 0.000010 0.926296
HG00267	0.018438 0.059430 0.000010 0.000010 0.922112
HG00268	0.010687 0.049026 0.000010 0.000010 0.940267
HG00269	0.023950 0.052102 0.000010 0.000010 0.923927
HG00271	0.021315 0.072664 0.000010 0.000010 0.906001
HG00272	0.022200 0.076982 0.000010 0.000010 0.900798
HG00273	0.017198 0.050725 0.000010 0.000010 0.932057
HG00274	0.019571 0.049036 0.000010 0.000010 0.931374
HG00275	0.012705 0.050484 0.000010 0.000010 0.936792
HG00276	0.023723 0.054889 0.000010 0.000010 0.921368
HG00277	0.016130 0.034912 0.000010 0.000010 0.948938
HG00278	0.026572 0.052313 0.000010 0.000010 0.921095
HG00280	0.016189 0.058679 0.000010 0.000010 0.925112
HG00281	0.023861 0.050554 0.000010 0.000010 0.925565
HG00282	0.014558 0.064030 0.000010 0.000010 0.921392
HG00284	0.020630 0.053078 0.000010 0.000010 0.926272
HG00285	0.018519 0.065150 0.000010 0.000010 0.916310
HG00288	0.027228 0.028215 0.059936 0.000010 0.884610
HG00290	0.027746 0.038561 0.060138 0.000010 0.873545
HG00304	0.031781 0.027905 0.052932 0.000010 0.887372
HG00306	0.019177 0.033790 0.000010 0.000010 0.947013
HG00308	0.022669 0.061588 0.000010 0.000010 0.915723
HG00309	0.022839 0.054433 0.000010 0.000010 0.922709
HG00310	0.014498 0.045286 0.000010 0.000010 0.940196
HG00311	0.011043 0.032086 0.000010 0.000010 0.956851
HG00313	0.021464 0.062946 0.000010 0.000010 0.915570
HG00315	0.027347 0.053828 0.000010 0.000010 0.918805
HG00318	0.019790 0.039161 0.000010 0.000010 0.941029
HG00319	0.017220 0.055733 0.000010 0.000010 0.927027
HG00320	0.020416 0.050534 0.000010 0.000010 0.929030
HG00321	0.020822 0.062647 0.000010 0.000010 0.916510
HG00323	0.014558 0.071752 0.000010 0.000010 0.913670
HG00324	0.029433 0.053550 0.000010 0.000010 0.916997
HG00325	0.024566 0.069959 0.000010 0.000010 0.905454
HG00326	0.013733 0.055517 0.000010 0.000010 0.930729
HG00327	0.017975 0.055837 0.000010 0.000010 0.926168
HG00328	0.021699 0.050831 0.000010 0.000010 0.927450
HG00329	0.014585 0.047691 0.000010 0.000010 0.937704
HG00330	0.018351 0.052496 0.000010 0.000010 0.929134
HG00331	0.015585 0.059508 0.000010 0.000010 0.924887
HG00332	0.019610 0.052167 0.000010 0.000010 0.928203
HG00334	0.015871 0.038172 0.000010 0.000010 0.945936
HG00335	0.017784 0.051199 0.000010 0.000010 0.930998
HG00336	0.015041 0.065072 0.000010 0.000010 0.919867
HG00337	0.016440 0.043546 0.000010 0.000010 0.939994
HG00338	0.012245 0.057127 0.000010 0.000010 0.930608
HG00339	0.012647 0.062321 0.000012 0.000010 0.925010
HG00341	0.014569 0.047400 0.006477 0.005903 0.925650
HG00342	0.015319 0.061688 0.000010 0.000010 0.922973
HG00343	0.018581 0.054408 0.000010 0.000010 0.926991
HG00344	0.008850 0.024407 0.000010 0.000010 0.966723
HG00345	0.018403 0.059985 0.000010 0.000010 0.921592
HG00346	0.015313 0.051834 0.000010 0.000010 0.932832
HG00349	0.021252 0.053668 0.000010 0.000010 0.925061
HG00350	0.018047 0.020267 0.000010 0.000010 0.961666
HG00351	0.022159 0.048000 0.000010 0.000010 0.929821
HG00353	0.015986 0.063414 0.000010 0.000010 0.920580
HG00355	0.025525 0.035327 0.000010 0.000010 0.939128
HG00356	0.027479 0.044219 0.000010 0.000010 0.928282
HG00357	0.015295 0.044194 0.000010 0.000010 0.940491
HG00358	0.040017 0.056652 0.000010 0.000010 0.903310
HG00360	0.020253 0.033037 0.008106 0.000010 0.938595
HG00361	0.024105 0.068023 0.000010 0.000010 0.907852
HG00362	0.024939 0.040211 0.007191 0.000010 0.927648
HG00364	0.028215 0.037383 0.000010 0.000010 0.934381
HG00365	0.030724 0.051831 0.000010 0.000010 0.917425
HG00366	0.028556 0.050999 0.000010 0.000010 0.920425
HG00367	0.022143 0.055198 0.000010 0.000010 0.922638
HG00368	0.022975 0.070425 0.000010 0.000010 0.906580
HG00369	0.023631 0.058093 0.000010 0.000010 0.918256
HG00371	0.021200 0.047930 0.000010 0.000010 0.930850
HG00372	0.022213 0.043736 0.000010 0.000010 0.934031
HG00373	0.028882 0.064136 0.000010 0.000010 0.906963
HG00375	0.018150 0.058198 0.000010 0.000010 0.923632
HG00376	0.015072 0.039410 0.000010 0.000010 0.945498
HG00378	0.018024 0.057610 0.000010 0.000010 0.924347
HG00379	0.019947 0.039229 0.000010 0.000010 0.940804
HG00380	0.009704 0.029404 0.000010 0.000010 0.960872
HG00381	0.020999 0.051250 0.000010 0.000010 0.927731
HG00382	0.019166 0.067464 0.000010 0.000010 0.913350
HG00383	0.025057 0.059258 0.000010 0.000010 0.915665
HG00384	0.021142 0.043426 0.000010 0.000010 0.935412
HG00403	0.000010 0.999960 0.000010 0.000010 0.000010
HG00404	0.000010 0.999960 0.000010 0.000010 0.000010
HG00406	0.000010 0.999960 0.000010 0.000010 0.000010
HG00407	0.000010 0.999960 0.000010 0.000010 0.000010
HG00409	0.003479 0.976830 0.019670 0.000010 0.000010
HG00410	0.001269 0.974880 0.023831 0.000010 0.000010
HG00419	0.000010 0.999960 0.000010 0.000010 0.000010
HG00421	0.000010 0.999960 0.000010 0.000010 0.000010
HG00422	0.000010 0.999960 0.000010 0.000010 0.000010
HG00428	0.000010 0.999960 0.000010 0.000010 0.000010
HG00436	0.000010 0.999960 0.000010 0.000010 0.000010
HG00437	0.000010 0.999960 0.000010 0.000010 0.000010
HG00442	0.000010 0.999960 0.000010 0.000010 0.000010
HG00443	0.000010 0.999960 0.000010 0.000010 0.000010
HG00445	0.000010 0.999960 0.000010 0.000010 0.000010
HG00446	0.000010 0.999960 0.000010 0.000010 0.000010
HG00448	0.000010 0.999960 0.000010 0.000010 0.000010
HG00449	0.000010 0.999960 0.000010 0.000010 0.000010
HG00451	0.000010 0.999960 0.000010 0.000010 0.000010
HG00452	0.000010 0.999960 0.000010 0.000010 0.000010
HG00457	0.000010 0.999960 0.000010 0.000010 0.000010
HG00458	0.000010 0.999960 0.000010 0.000010 0.000010
HG00463	0.000010 0.999960 0.000010 0.000010 0.000010
HG00464	0.000010 0.999960 0.000010 0.000010 0.000010
HG00472	0.000010 0.999960 0.000010 0.000010 0.000010
HG00473	0.000010 0.999960 0.000010 0.000010 0.000010
HG00475	0.000010 0.999960 0.000010 0.000010 0.000010
HG00476	0.000010 0.999960 0.000010 0.000010 0.000010
HG00478	0.000010 0.999960 0.000010 0.000010 0.000010
HG00479	0.000010 0.999960 0.000010 0.000010 0.000010
HG00500	0.000895 0.999075 0.000010 0.000010 0.000010
HG00513	0.000010 0.999960 0.000010 0.000010 0.000010
HG00524	0.000010 0.999960 0.000010 0.000010 0.000010
HG00525	0.002261 0.997709 0.000010 0.000010 0.000010
HG00530	0.000010 0.999960 0.000010 0.000010 0.000010
HG00531	0.000010 0.999960 0.000010 0.000010 0.000010
HG00533	0.000010 0.999960 0.000010 0.000010 0.000010
HG00534	0.000010 0.999960 0.000010 0.000010 0.000010
HG00536	0.000010 0.999960 0.000010 0.000010 0.000010
HG00537	0.000010 0.999960 0.000010 0.000010 0.000010
HG00542	0.000010 0.999960 0.000010 0.000010 0.000010
HG00543	0.000010 0.999960 0.000010 0.000010 0.000010
HG00551	0.142987 0.009666 0.000010 0.085569 0.761767
HG00553	0.187644 0.003221 0.003400 0.182251 0.623483
HG00554	0.112683 0.000680 0.015535 0.081916 0.789186
HG00556	0.000010 0.999960 0.000010 0.000010 0.000010
HG00557	0.000010 0.999960 0.000010 0.000010 0.000010
HG00559	0.005325 0.994645 0.000010 0.000010 0.000010
HG00560	0.000010 0.999960 0.000010 0.000010 0.000010
HG00565	0.000010 0.999960 0.000010 0.000010 0.000010
HG00566	0.000010 0.999960 0.000010 0.000010 0.000010
HG00580	0.004237 0.995733 0.000010 0.000010 0.000010
HG00581	0.000010 0.999960 0.000010 0.000010 0.000010
HG00583	0.000010 0.999960 0.000010 0.000010 0.000010
HG00584	0.000010 0.999960 0.000010 0.000010 0.000010
HG00589	0.003100 0.996870 0.000010 0.000010 0.000010
HG00590	0.001428 0.992020 0.006532 0.000010 0.000010
HG00592	0.019682 0.969427 0.000010 0.000010 0.010871
HG00593	0.000010 0.999960 0.000010 0.000010 0.000010
HG00595	0.000010 0.999960 0.000010 0.000010 0.000010
HG00596	0.000010 0.999960 0.000010 0.000010 0.000010
HG00598	0.000010 0.984709 0.015261 0.000010 0.000010
HG00599	0.004679 0.976829 0.018472 0.000010 0.000010
HG00607	0.000010 0.999960 0.000010 0.000010 0.000010
HG00608	0.000010 0.999960 0.000010 0.000010 0.000010
HG00610	0.000010 0.999960 0.000010 0.000010 0.000010
HG00611	0.005291 0.994679 0.000010 0.000010 0.000010
HG00613	0.000010 0.999960 0.000010 0.000010 0.000010
HG00614	0.000010 0.999960 0.000010 0.000010 0.000010
HG00619	0.001125 0.998845 0.000010 0.000010 0.000010
HG00620	0.000010 0.999960 0.000010 0.000010 0.000010
HG00622	0.002801 0.975280 0.021899 0.000010 0.000010
HG00623	0.000010 0.980021 0.019949 0.000010 0.000010
HG00625	0.001958 0.998012 0.000010 0.000010 0.000010
HG00626	0.000010 0.999960 0.000010 0.000010 0.000010
HG00628	0.003763 0.996207 0.000010 0.000010 0.000010
HG00629	0.000010 0.999960 0.000010 0.000010 0.000010
HG00631	0.000010 0.983550 0.016420 0.000010 0.000010
HG00632	0.000010 0.983344 0.016626 0.000010 0.000010
HG00634	0.000010 0.999960 0.000010 0.000010 0.000010
HG00637	0.134567 0.006591 0.000010 0.159846 0.698986
HG00638	0.152745 0.000010 0.000010 0.172949 0.674286
HG00640	0.107998 0.009156 0.009363 0.077047 0.796436
HG00641	0.153061 0.013279 0.000010 0.080108 0.753542
HG00650	0.000010 0.999960 0.000010 0.000010 0.000010
HG00651	0.000010 0.999960 0.000010 0.000010 0.000010
HG00653	0.000010 0.999960 0.000010 0.000010 0.000010
HG00654	0.000010 0.999960 0.000010 0.000010 0.000010
HG00656	0.000010 0.999960 0.000010 0.000010 0.000010
HG00657	0.000010 0.999960 0.000010 0.000010 0.000010
HG00662	0.000010 0.999960 0.000010 0.000010 0.000010
HG00663	0.000010 0.999960 0.000010 0.000010 0.000010
HG00671	0.000010 0.999960 0.000010 0.000010 0.000010
HG00672	0.000010 0.999960 0.000010 0.000010 0.000010
HG00674	0.000010 0.983662 0.016308 0.000010 0.000010
HG00675	0.000010 0.979027 0.020943 0.000010 0.000010
HG00683	0.000010 0.999960 0.000010 0.000010 0.000010
HG00684	0.000010 0.999960 0.000010 0.000010 0.000010
HG00689	0.000010 0.999960 0.000010 0.000010 0.000010
HG00690	0.000010 0.999960 0.000010 0.000010 0.000010
HG00692	0.000010 0.999960 0.000010 0.000010 0.000010
HG00693	0.000010 0.999960 0.000010 0.000010 0.000010
HG00698	0.000010 0.999960 0.000010 0.000010 0.000010
HG00699	0.000010 0.999960 0.000010 0.000010 0.000010
HG00701	0.000010 0.999960 0.000010 0.000010 0.000010
HG00704	0.000010 0.999960 0.000010 0.000010 0.000010
HG00705	0.000010 0.999960 0.000010 0.000010 0.000010
HG00707	0.000010 0.999960 0.000010 0.000010 0.000010
HG00708	0.000010 0.999960 0.000010 0.000010 0.000010
HG00717	0.000010 0.999960 0.000010 0.000010 0.000010
HG00728	0.000010 0.976852 0.023118 0.000010 0.000010
HG00729	0.000010 0.977079 0.022891 0.000010 0.000010
HG00731	0.072694 0.008551 0.003029 0.034514 0.881212
HG00732	0.118236 0.006048 0.007194 0.064291 0.804231
HG00734	0.193793 0.007775 0.000010 0.102509 0.695913
HG00736	0.104307 0.009682 0.000010 0.060762 0.825239
HG00737	0.100439 0.004446 0.000010 0.078543 0.816562
HG00739	0.066556 0.000010 0.001286 0.053289 0.878860
HG00740	0.148572 0.004431 0.000010 0.121309 0.725678
HG00742	0.057536 0.000010 0.041771 0.057606 0.843077
HG00743	0.232635 0.000010 0.029752 0.093677 0.643926
HG00759	0.000010 0.988812 0.011158 0.000010 0.000010
HG00766	0.000010 0.999960 0.000010 0.000010 0.000010
HG00844	0.000010 0.999648 0.000322 0.000010 0.000010
HG00851	0.000010 0.999960 0.000010 0.000010 0.000010
HG00864	0.000010 0.991681 0.008289 0.000010 0.000010
HG00867	0.000010 0.999960 0.000010 0.000010 0.000010
HG00879	0.000010 0.999960 0.000010 0.000010 0.000010
HG00881	0.000010 0.999960 0.000010 0.000010 0.000010
HG00956	0.000010 0.992392 0.007578 0.000010 0.000010
HG00978	0.000010 0.989332 0.010638 0.000010 0.000010
HG00982	0.000010 0.999960 0.000010 0.000010 0.000010
HG01028	0.000010 0.999960 0.000010 0.000010 0.000010
HG01029	0.000010 0.999960 0.000010 0.000010 0.000010
HG01031	0.000010 0.999960 0.000010 0.000010 0.000010
HG01046	0.000010 0.999960 0.000010 0.000010 0.000010
HG01047	0.092386 0.002176 0.000010 0.088136 0.817292
HG01048	0.145646 0.000284 0.000010 0.116415 0.737646
HG01049	0.128849 0.004344 0.000010 0.229100 0.637697
HG01051	0.184556 0.012502 0.000010 0.207678 0.595253
HG01052	0.174103 0.021224 0.000010 0.214402 0.590261
HG01054	0.157956 0.006917 0.000010 0.063814 0.771303
HG01055	0.101825 0.008901 0.000010 0.127467 0.761797
HG01058	0.154943 0.000010 0.039279 0.123692 0.682075
HG01060	0.111971 0.013132 0.000010 0.087286 0.787601
HG01061	0.128866 0.009380 0.000010 0.070700 0.791045
HG01063	0.116391 0.000010 0.035774 0.352342 0.495483
HG01064	0.118733 0.000010 0.031161 0.176914 0.673182
HG01066	0.122015 0.012330 0.000010 0.068036 0.797610
HG01067	0.140928 0.009461 0.000010 0.077628 0.771973
HG01069	0.156171 0.005249 0.000010 0.085064 0.753506
HG01070	0.145059 0.004433 0.000010 0.055212 0.795286
HG01072	0.144829 0.000753 0.000010 0.082318 0.772089
HG01073	0.147560 0.015529 0.000010 0.079576 0.757325
HG01075	0.047341 0.003358 0.000534 0.099257 0.849510
HG01077	0.182476 0.000010 0.037570 0.190967 0.588976
HG01079	0.129053 0.014362 0.000010 0.162271 0.694304
HG01080	0.204357 0.003472 0.000010 0.090751 0.701411
HG01082	0.150519 0.015181 0.000010 0.196719 0.637571
HG01083	0.161385 0.003474 0.000010 0.099432 0.735699
HG01085	0.115722 0.011865 0.000010 0.126955 0.745449
HG01086	0.175547 0.017694 0.000010 0.132653 0.674097
HG01088	0.113164 0.000010 0.045708 0.184392 0.656725
HG01089	0.139429 0.000010 0.044144 0.148566 0.667851
HG01092	0.126654 0.000010 0.037490 0.250998 0.584848
HG01094	0.123617 0.007895 0.000010 0.133205 0.735273
HG01095	0.132074 0.000010 0.000010 0.111178 0.756729
HG01097	0.154074 0.000010 0.000010 0.094794 0.751112
HG01098	0.149161 0.000010 0.000010 0.102914 0.747906
HG01101	0.168550 0.008101 0.000010 0.145845 0.677495
HG01102	0.131217 0.003226 0.000010 0.173070 0.692477
HG01104	0.114627 0.022461 0.000010 0.089316 0.773587
HG01105	0.082235 0.007862 0.000010 0.082289 0.827604
HG01107	0.112681 0.009470 0.000010 0.219239 0.658600
HG01108	0.065232 0.004023 0.000010 0.635942 0.294793
HG01110	0.141006 0.005538 0.000010 0.128201 0.725245
HG01111	0.144274 0.003555 0.000010 0.119095 0.733066
HG01112	0.079982 0.000010 0.000010 0.022452 0.897546
HG01113	0.287574 0.009423 0.000010 0.014881 0.688112
HG01119	0.124328 0.000010 0.041109 0.027626 0.806927
HG01121	0.298178 0.000010 0.051142 0.050115 0.600555
HG01122	0.223350 0.000010 0.039976 0.071079 0.665584
HG01124	0.286063 0.004851 0.000010 0.150635 0.558441
HG01125	0.253327 0.009395 0.011293 0.100788 0.625196
HG01130	0.245910 0.000010 0.040319 0.064213 0.649548
HG01131	0.256689 0.000010 0.035714 0.064249 0.643338
HG01133	0.160639 0.002552 0.000071 0.027438 0.809300
HG01134	0.220302 0.004935 0.003419 0.123064 0.648280
HG01136	0.263362 0.009761 0.000010 0.093459 0.633409
HG01137	0.350992 0.002723 0.009131 0.028032 0.609123
HG01139	0.292879 0.000010 0.003937 0.181234 0.521940
HG01140	0.277933 0.006329 0.007836 0.042227 0.665675
HG01142	0.361435 0.000010 0.030033 0.192143 0.416379
HG01148	0.263078 0.000010 0.000010 0.055860 0.681043
HG01149	0.432908 0.014913 0.000010 0.104347 0.447821
HG01161	0.160799 0.000010 0.026216 0.188843 0.624131
HG01162	0.164211 0.000010 0.050236 0.100573 0.684969
HG01164	0.120749 0.000010 0.028660 0.103223 0.747358
HG01167	0.140938 0.006107 0.000010 0.229324 0.623622
HG01168	0.055455 0.007359 0.024229 0.031608 0.881349
HG01170	0.156210 0.006496 0.000010 0.122656 0.714628
HG01171	0.134245 0.011410 0.000010 0.190157 0.664177
HG01173	0.051354 0.010561 0.000010 0.071240 0.866834
HG01174	0.113170 0.014671 0.000010 0.067329 0.804820
HG01176	0.154817 0.000876 0.000010 0.098557 0.745740
HG01177	0.182438 0.011487 0.000010 0.081002 0.725063
HG01182	0.154147 0.003347 0.000010 0.132856 0.709640
HG01183	0.167804 0.000010 0.000010 0.117706 0.714470
HG01187	0.237390 0.009651 0.000010 0.183385 0.569564
HG01188	0.212537 0.012972 0.000010 0.216884 0.557597
HG01190	0.213881 0.018373 0.000010 0.160476 0.607260
HG01191	0.192503 0.002396 0.000010 0.096522 0.708569
HG01197	0.140386 0.006065 0.000010 0.068008 0.785530
HG01198	0.145000 0.004637 0.000010 0.187872 0.662480
HG01200	0.094004 0.000010 0.039115 0.047498 0.819373
HG01204	0.133960 0.015003 0.000010 0.104024 0.747003
HG01205	0.113500 0.001921 0.000010 0.120060 0.764509
HG01241	0.068021 0.004985 0.000010 0.672276 0.254708
HG01242	0.052626 0.003754 0.000010 0.506499 0.437112
HG01247	0.165325 0.007736 0.000010 0.201379 0.625550
HG01248	0.111263 0.002598 0.010387 0.116395 0.759357
HG01250	0.315050 0.003851 0.007540 0.077117 0.596442
HG01251	0.267668 0.004839 0.000010 0.028892 0.698591
HG01253	0.225680 0.003578 0.000010 0.050989 0.719743
HG01254	0.296748 0.005419 0.010934 0.174199 0.512699
HG01256	0.171459 0.001061 0.000010 0.015978 0.811492
HG01257	0.292844 0.000016 0.000010 0.022256 0.684875
HG01259	0.132049 0.001086 0.000010 0.032524 0.834331
HG01260	0.310185 0.007517 0.000010 0.132493 0.549795
HG01269	0.262915 0.000010 0.028673 0.075609 0.632792
HG01271	0.262677 0.000010 0.004249 0.077450 0.655613
HG01272	0.310988 0.001350 0.015352 0.184849 0.487460
HG01275	0.050179 0.000010 0.001318 0.013455 0.935038
HG01277	0.354729 0.002416 0.013413 0.019441 0.610000
HG01280	0.273646 0.000010 0.021336 0.024329 0.680678
HG01281	0.255753 0.000010 0.036391 0.029245 0.678601
HG01284	0.213957 0.000010 0.037570 0.071425 0.677037
HG01286	0.141563 0.000010 0.025654 0.241730 0.591043
HG01302	0.188129 0.000010 0.036729 0.119033 0.656099
HG01303	0.184345 0.000010 0.050816 0.118900 0.645928
HG01305	0.183273 0.000010 0.022125 0.154180 0.640412
HG01308	0.152504 0.000010 0.015229 0.233438 0.598819
HG01311	0.084384 0.000010 0.047013 0.093571 0.775022
HG01312	0.129605 0.000010 0.030928 0.136121 0.703336
HG01323	0.151327 0.000010 0.040280 0.114513 0.693871
HG01325	0.087906 0.000010 0.036778 0.139317 0.735989
HG01326	0.184325 0.000010 0.025196 0.109802 0.680667
HG01334	0.004088 0.000010 0.000010 0.000010 0.995882
HG01341	0.588268 0.019008 0.000010 0.008106 0.384608
HG01342	0.218609 0.009843 0.000010 0.345616 0.425923
HG01344	0.417873 0.000010 0.005121 0.030853 0.546143
HG01345	0.228660 0.001444 0.015163 0.057978 0.696754
HG01348	0.386371 0.003932 0.001278 0.047908 0.560512
HG01350	0.381195 0.013787 0.000010 0.078478 0.526530
HG01351	0.276751 0.015066 0.000010 0.016156 0.692016
HG01353	0.184429 0.018635 0.000010 0.029149 0.767777
HG01354	0.154955 0.010132 0.000010 0.016569 0.818334
HG01356	0.312131 0.000010 0.006068 0.060945 0.620847
HG01357	0.290993 0.008816 0.000010 0.016836 0.683345
HG01359	0.250421 0.013294 0.000010 0.045291 0.690985
HG01360	0.236246 0.002907 0.016932 0.066330 0.677585
HG01362	0.231019 0.000010 0.051857 0.125542 0.591572
HG01363	0.313830 0.000010 0.030781 0.177555 0.477824
HG01365	0.270086 0.014237 0.000010 0.141650 0.574017
HG01366	0.250687 0.016715 0.000010 0.106114 0.626474
HG01369	0.512761 0.000010 0.026225 0.125476 0.335528
HG01372	0.314794 0.000010 0.038074 0.043707 0.603415
HG01374	0.261619 0.004175 0.000010 0.018689 0.715507
HG01375	0.302835 0.015569 0.000010 0.132246 0.549340
HG01377	0.305373 0.006375 0.000010 0.102593 0.585648
HG01378	0.379088 0.010434 0.000010 0.045769 0.564699
HG01383	0.242118 0.000010 0.000010 0.032657 0.725204
HG01384	0.231066 0.004717 0.000010 0.066955 0.697251
HG01389	0.138195 0.006437 0.000010 0.058772 0.796586
HG01390	0.275800 0.018604 0.000010 0.272504 0.433082
HG01392	0.183711 0.000010 0.030813 0.170940 0.614526
HG01393	0.134063 0.001941 0.026952 0.217867 0.619177
HG01395	0.130905 0.000010 0.030430 0.080538 0.758118
HG01396	0.200308 0.000010 0.037927 0.174370 0.587385
HG01398	0.158887 0.000010 0.022689 0.170911 0.647504
HG01402	0.174489 0.000010 0.037956 0.171655 0.615889
HG01403	0.172347 0.000010 0.031186 0.174225 0.622232
HG01405	0.100603 0.000010 0.056801 0.102872 0.739713
HG01412	0.213698 0.000010 0.038372 0.095998 0.651921
HG01413	0.194592 0.000010 0.035202 0.147712 0.622484
HG01414	0.162451 0.000010 0.039077 0.142291 0.656171
HG01431	0.278611 0.000010 0.036390 0.110779 0.574210
HG01432	0.243080 0.000010 0.049803 0.031710 0.675397
HG01435	0.513131 0.000010 0.033806 0.044886 0.408168
HG01437	0.112369 0.010964 0.000010 0.015452 0.861205
HG01438	0.051776 0.000010 0.000905 0.020318 0.926991
HG01440	0.231238 0.002514 0.000010 0.170108 0.596131
HG01441	0.396618 0.017591 0.000523 0.021843 0.563425
HG01443	0.577129 0.000010 0.028418 0.050493 0.343951
HG01444	0.286236 0.000010 0.033087 0.103496 0.577170
HG01447	0.242755 0.000284 0.049138 0.073930 0.633893
HG01455	0.408106 0.002024 0.000010 0.039708 0.550153
HG01456	0.394668 0.009060 0.004784 0.052639 0.538849
HG01459	0.415739 0.000010 0.026869 0.033252 0.524129
HG01461	0.374925 0.009715 0.000010 0.177865 0.437485
HG01462	0.304178 0.023047 0.000010 0.286286 0.386479
HG01464	0.322539 0.005657 0.000010 0.196942 0.474853
HG01465	0.192552 0.000010 0.000010 0.018327 0.789101
HG01468	0.179716 0.000010 0.038310 0.024866 0.757098
HG01474	0.157202 0.000010 0.033301 0.019395 0.790092
HG01479	0.126782 0.000010 0.031898 0.031411 0.809899
HG01485	0.261912 0.000010 0.037442 0.355807 0.344829
HG01486	0.357298 0.000010 0.042233 0.038837 0.561623
HG01488	0.144516 0.003067 0.000010 0.153544 0.698863
HG01489	0.120036 0.011304 0.000010 0.019466 0.849183
HG01491	0.157502 0.005645 0.000010 0.017828 0.819015
HG01492	0.208127 0.000010 0.002730 0.031163 0.757970
HG01494	0.418132 0.003876 0.001749 0.098686 0.477558
HG01495	0.384379 0.011450 0.000010 0.127932 0.476229
HG01497	0.383347 0.000348 0.000010 0.047468 0.568827
HG01498	0.349048 0.000010 0.002111 0.048077 0.600755
HG01500	0.000010 0.000010 0.014970 0.025471 0.959538
HG01501	0.000010 0.000010 0.012102 0.026473 0.961405
HG01503	0.000010 0.000010 0.009190 0.011725 0.979066
HG01504	0.000010 0.003045 0.001736 0.015764 0.979446
HG01506	0.000010 0.000010 0.000010 0.020934 0.979036
HG01507	0.000010 0.000010 0.000010 0.018422 0.981548
HG01509	0.000010 0.000114 0.000010 0.023163 0.976703
HG01510	0.000010 0.000010 0.000116 0.016948 0.982916
HG01512	0.000010 0.000010 0.000010 0.010139 0.989831
HG01513	0.000010 0.000010 0.000010 0.009943 0.990027
HG01515	0.000010 0.000010 0.000010 0.000010 0.999960
HG01516	0.000010 0.000010 0.000010 0.001358 0.998612
HG01518	0.000010 0.000010 0.000010 0.000010 0.999960
HG01519	0.000010 0.000010 0.000010 0.000010 0.999960
HG01521	0.000010 0.000010 0.000010 0.000010 0.999960
HG01522	0.000010 0.000010 0.000010 0.000010 0.999960
HG01524	0.000010 0.000010 0.000010 0.015986 0.983984
HG01525	0.000010 0.000516 0.000010 0.021286 0.978178
HG01527	0.000010 0.000010 0.003580 0.033387 0.963013
HG01528	0.000010 0.000010 0.000010 0.025443 0.974527
HG01530	0.000010 0.001045 0.005681 0.025410 0.967854
HG01531	0.000010 0.000010 0.000010 0.022023 0.977947
HG01536	0.000010 0.000010 0.000010 0.014479 0.985491
HG01537	0.000010 0.003048 0.002305 0.008656 0.985981
HG01550	0.232411 0.000010 0.000010 0.069295 0.698274
HG01551	0.237698 0.002212 0.001384 0.384691 0.374014
HG01556	0.328501 0.000010 0.041613 0.232941 0.396936
HG01565	0.720762 0.000305 0.000151 0.000010 0.278771
HG01566	0.484286 0.001963 0.005772 0.012725 0.495253
HG01571	0.687934 0.000010 0.000010 0.000010 0.312036
HG01572	0.999960 0.000010 0.000010 0.000010 0.000010
HG01577	0.438800 0.006058 0.000010 0.064039 0.491092
HG01578	0.629204 0.003102 0.000010 0.005541 0.362144
HG01583	0.007153 0.000010 0.749309 0.000010 0.243518
HG01586	0.008295 0.000010 0.734517 0.000010 0.257168
HG01589	0.010624 0.000010 0.729573 0.000010 0.259783
HG01593	0.000010 0.000010 0.694411 0.000010 0.305559
HG01595	0.000010 0.983521 0.016177 0.000010 0.000282
HG01596	0.000010 0.955912 0.044058 0.000010 0.000010
HG01597	0.000010 0.976339 0.021077 0.000010 0.002564
HG01598	0.000010 0.973795 0.025224 0.000010 0.000961
HG01599	0.000010 0.971856 0.028114 0.000010 0.000010
HG01600	0.000010 0.995553 0.004417 0.000010 0.000010
HG01602	0.000010 0.000010 0.006303 0.024598 0.969079
HG01603	0.000010 0.000010 0.000010 0.020886 0.979084
HG01605	0.000010 0.000010 0.002642 0.013073 0.984266
HG01606	0.000010 0.000010 0.000010 0.015105 0.984865
HG01607	0.000895 0.000010 0.010646 0.013457 0.974991
HG01608	0.000010 0.000010 0.007548 0.017857 0.974575
HG01610	0.000010 0.000010 0.000010 0.020555 0.979415
HG01612	0.000010 0.000010 0.000010 0.026511 0.973459
HG01613	0.000010 0.000010 0.008667 0.010241 0.981072
HG01615	0.000010 0.000010 0.003355 0.012336 0.984289
HG01617	0.000010 0.003481 0.012283 0.015909 0.968316
HG01618	0.019746 0.000010 0.001149 0.015054 0.964041
HG01619	0.000010 0.000010 0.014711 0.017725 0.967544
HG01620	0.000010 0.000010 0.006067 0.026321 0.967593
HG01623	0.001999 0.000010 0.002571 0.023415 0.972005
HG01624	0.000010 0.000010 0.011350 0.024559 0.964070
HG01625	0.000914 0.000567 0.000791 0.014542 0.983186
HG01626	0.000010 0.000010 0.014442 0.025610 0.959927
HG01628	0.000010 0.000010 0.014451 0.066112 0.919417
HG01630	0.000010 0.000010 0.010839 0.048580 0.940562
HG01631	0.000010 0.000010 0.001385 0.006112 0.992484
HG01632	0.000010 0.000010 0.000010 0.015469 0.984501
HG01668	0.000010 0.000010 0.017690 0.030543 0.951748
HG01669	0.000010 0.000010 0.013756 0.048908 0.937317
HG01670	0.000010 0.000010 0.008454 0.014256 0.977270
HG01672	0.000725 0.000010 0.008008 0.010754 0.980504
HG01673	0.000010 0.000010 0.000010 0.007734 0.992236
HG01675	0.000010 0.000010 0.000010 0.009247 0.990723
HG01676	0.000010 0.000014 0.000010 0.006818 0.993147
HG01678	0.000010 0.000899 0.000010 0.011001 0.988080
HG01679	0.000010 0.003664 0.000010 0.013171 0.983145
HG01680	0.000010 0.000015 0.000010 0.013824 0.986141
HG01682	0.000010 0.000010 0.000010 0.007875 0.992095
HG01684	0.000010 0.001026 0.000010 0.006376 0.992578
HG01685	0.000010 0.004567 0.000010 0.025486 0.969927
HG01686	0.000010 0.002378 0.000010 0.016504 0.981097
HG01694	0.000010 0.001390 0.000010 0.048020 0.950570
HG01695	0.000010 0.007583 0.000010 0.049888 0.942509
HG01697	0.000010 0.000010 0.012859 0.027794 0.959327
HG01699	0.000010 0.000010 0.011484 0.027585 0.960912
HG01700	0.000010 0.000010 0.000010 0.000010 0.999960
HG01702	0.000010 0.000010 0.000010 0.000010 0.999960
HG01704	0.000010 0.000010 0.007603 0.030424 0.961953
HG01705	0.000010 0.000010 0.001781 0.026167 0.972032
HG01707	0.000018 0.000010 0.002944 0.018666 0.978362
HG01708	0.000010 0.000428 0.017700 0.022662 0.959200
HG01709	0.000010 0.000010 0.004476 0.027577 0.967927
HG01710	0.000010 0.000010 0.007717 0.022446 0.969817
HG01746	0.000010 0.000010 0.000010 0.010742 0.989228
HG01747	0.000010 0.000010 0.003953 0.012645 0.983382
HG01756	0.000010 0.002047 0.012173 0.023066 0.962705
HG01757	0.000010 0.000010 0.014860 0.030088 0.955033
HG01761	0.000010 0.000010 0.006688 0.015056 0.978236
HG01762	0.000010 0.000010 0.017684 0.013571 0.968726
HG01765	0.000010 0.000010 0.035839 0.019598 0.944544
HG01766	0.000010 0.000010 0.045881 0.023731 0.930368
HG01767	0.000010 0.000010 0.038486 0.023787 0.937706
HG01768	0.000010 0.000010 0.043952 0.024497 0.931531
HG01770	0.000010 0.000010 0.000010 0.017825 0.982145
HG01771	0.000645 0.000010 0.000010 0.009584 0.989751
HG01773	0.000392 0.000010 0.006606 0.009729 0.983263
HG01775	0.000931 0.000010 0.000010 0.009419 0.989629
HG01776	0.000010 0.000010 0.008849 0.005153 0.985978
HG01777	0.000010 0.000010 0.004157 0.007200 0.988623
HG01779	0.000010 0.000010 0.000010 0.008000 0.991970
HG01781	0.000010 0.000010 0.005986 0.011538 0.982456
HG01783	0.000010 0.000010 0.007424 0.023587 0.968968
HG01784	0.000010 0.000010 0.006092 0.020825 0.973063
HG01785	0.000010 0.000010 0.041062 0.003608 0.955310
HG01786	0.000010 0.000010 0.047126 0.005831 0.947023
HG01789	0.000010 0.000010 0.000010 0.000010 0.999960
HG01790	0.001956 0.000010 0.003036 0.000010 0.994987
HG01791	0.005226 0.000010 0.007382 0.000010 0.987372
HG01794	0.000010 0.999960 0.000010 0.000010 0.000010
HG01795	0.000010 0.999960 0.000010 0.000010 0.000010
HG01796	0.000010 0.999960 0.000010 0.000010 0.000010
HG01797	0.000010 0.996669 0.003301 0.000010 0.000010
HG01798	0.004212 0.995758 0.000010 0.000010 0.000010
HG01799	0.000010 0.999960 0.000010 0.000010 0.000010
HG01800	0.000010 0.999960 0.000010 0.000010 0.000010
HG01801	0.000010 0.999511 0.000459 0.000010 0.000010
HG01802	0.000010 0.998338 0.001632 0.000010 0.000010
HG01804	0.000010 0.999960 0.000010 0.000010 0.000010
HG01805	0.000010 0.999960 0.000010 0.000010 0.000010
HG01806	0.000010 0.999960 0.000010 0.000010 0.000010
HG01807	0.000010 0.999690 0.000280 0.000010 0.000010
HG01808	0.000010 0.999960 0.000010 0.000010 0.000010
HG01809	0.000010 0.999960 0.000010 0.000010 0.000010
HG01810	0.000010 0.999960 0.000010 0.000010 0.000010
HG01811	0.000010 0.999960 0.000010 0.000010 0.000010
HG01812	0.000010 0.999960 0.000010 0.000010 0.000010
HG01813	0.000010 0.998331 0.001639 0.000010 0.000010
HG01815	0.000010 0.996007 0.003963 0.000010 0.000010
HG01816	0.000010 0.999960 0.000010 0.000010 0.000010
HG01817	0.000010 0.999960 0.000010 0.000010 0.000010
HG01840	0.000010 0.985924 0.014046 0.000010 0.000010
HG01841	0.000010 0.986248 0.012107 0.000010 0.001625
HG01842	0.000010 0.975817 0.021414 0.000010 0.002749
HG01843	0.000010 0.986843 0.013127 0.000010 0.000010
HG01844	0.000010 0.979794 0.017629 0.000010 0.002557
HG01845	0.000010 0.977467 0.021369 0.000010 0.001145
HG01846	0.000010 0.969422 0.029575 0.000010 0.000983
HG01847	0.000010 0.971632 0.028338 0.000010 0.000010
HG01848	0.000010 0.976390 0.023580 0.000010 0.000010
HG01849	0.000010 0.969820 0.027197 0.000010 0.002964
HG01850	0.000010 0.976928 0.017561 0.000010 0.005492
HG01851	0.001759 0.987383 0.010324 0.000010 0.000524
HG01852	0.000010 0.972755 0.023934 0.000010 0.003291
HG01853	0.000010 0.977225 0.022745 0.000010 0.000010
HG01855	0.000010 0.967778 0.027242 0.000010 0.004961
HG01857	0.000010 0.982171 0.017799 0.000010 0.000010
HG01858	0.000010 0.982283 0.017570 0.000010 0.000126
HG01859	0.000010 0.992677 0.001320 0.000010 0.005983
HG01860	0.000010 0.985892 0.014078 0.000010 0.000010
HG01861	0.000010 0.970240 0.023300 0.000010 0.006440
HG01862	0.000010 0.973831 0.026139 0.000010 0.000010
HG01863	0.000010 0.977425 0.022545 0.000010 0.000010
HG01864	0.000010 0.973230 0.026740 0.000010 0.000010
HG01865	0.000010 0.981440 0.018530 0.000010 0.000010
HG01866	0.000011 0.964988 0.034981 0.000010 0.000010
HG01867	0.000010 0.963385 0.036585 0.000010 0.000010
HG01868	0.000010 0.975488 0.024482 0.000010 0.000010
HG01869	0.000010 0.980398 0.019572 0.000010 0.000010
HG01870	0.000678 0.970292 0.029010 0.000010 0.000010
HG01871	0.001127 0.960629 0.038224 0.000010 0.000010
HG01872	0.006116 0.959121 0.034743 0.000010 0.000010
HG01873	0.001426 0.965368 0.033186 0.000010 0.000010
HG01874	0.000207 0.955856 0.043917 0.000010 0.000010
HG01878	0.002604 0.955727 0.041649 0.000010 0.000010
HG01879	0.000010 0.016414 0.000010 0.829952 0.153614
HG01880	0.000010 0.090406 0.264856 0.545960 0.098768
HG01882	0.000010 0.010171 0.000010 0.955224 0.034585
HG01883	0.000010 0.005743 0.000010 0.850276 0.143961
HG01885	0.000010 0.000010 0.000010 0.939101 0.060869
HG01886	0.003326 0.000010 0.000010 0.886338 0.110316
HG01889	0.000010 0.000010 0.000010 0.967500 0.032470
HG01890	0.000010 0.000010 0.000010 0.871256 0.128714
HG01892	0.747292 0.008296 0.000010 0.056000 0.188403
HG01893	0.590718 0.005220 0.000010 0.114158 0.289893
HG01894	0.000033 0.000456 0.000010 0.911889 0.087612
HG01896	0.000010 0.009225 0.000010 0.958954 0.031802
HG01912	0.000010 0.000010 0.006816 0.899335 0.093829
HG01914	0.000785 0.009284 0.000010 0.840777 0.149144
HG01915	0.000010 0.007400 0.000010 0.917695 0.074885
HG01917	0.899277 0.000010 0.000010 0.000010 0.100693
HG01918	0.807939 0.000010 0.000010 0.000010 0.192031
HG01920	0.999960 0.000010 0.000010 0.000010 0.000010
HG01921	0.781360 0.012982 0.000010 0.000010 0.205637
HG01923	0.999960 0.000010 0.000010 0.000010 0.000010
HG01924	0.702246 0.078356 0.000010 0.105560 0.113828
HG01926	0.999960 0.000010 0.000010 0.000010 0.000010
HG01927	0.999960 0.000010 0.000010 0.000010 0.000010
HG01932	0.834229 0.000010 0.000010 0.000010 0.165741
HG01933	0.663398 0.049506 0.000010 0.092039 0.195047
HG01935	0.769225 0.000010 0.000010 0.000010 0.230745
HG01936	0.687782 0.000010 0.000010 0.032632 0.279566
HG01938	0.999960 0.000010 0.000010 0.000010 0.000010
HG01939	0.811936 0.000010 0.000010 0.000010 0.188034
HG01941	0.848800 0.004083 0.002006 0.050997 0.094114
HG01942	0.879827 0.000010 0.000010 0.000010 0.120143
HG01944	0.539330 0.376885 0.000010 0.003290 0.080485
HG01945	0.807378 0.000010 0.000010 0.000010 0.192592
HG01947	0.638308 0.009787 0.009108 0.023745 0.319052
HG01948	0.675234 0.059444 0.011623 0.166369 0.087330
HG01950	0.880509 0.009218 0.000010 0.050160 0.060104
HG01951	0.999960 0.000010 0.000010 0.000010 0.000010
HG01953	0.939694 0.000010 0.000010 0.000010 0.060276
HG01954	0.966547 0.000010 0.000010 0.000010 0.033423
HG01956	0.000010 0.000010 0.000010 0.922619 0.077351
HG01958	0.000010 0.012776 0.000010 0.849218 0.137986
HG01961	0.999960 0.000010 0.000010 0.000010 0.000010
HG01965	0.617453 0.000010 0.043954 0.079684 0.258899
HG01967	0.671530 0.000010 0.001341 0.006224 0.320895
HG01968	0.999960 0.000010 0.000010 0.000010 0.000010
HG01970	0.688662 0.000010 0.010662 0.000010 0.300656
HG01971	0.587771 0.007800 0.001622 0.164836 0.237971
HG01973	0.846589 0.000010 0.000010 0.030780 0.122611
HG01974	0.999960 0.000010 0.000010 0.000010 0.000010
HG01976	0.716994 0.000010 0.004142 0.002827 0.276027
HG01977	0.826242 0.000010 0.000018 0.000010 0.173720
HG01979	0.738718 0.000010 0.009731 0.003858 0.247683
HG01980	0.761392 0.000010 0.000010 0.032880 0.205708
HG01982	0.814325 0.005125 0.000010 0.000010 0.180530
HG01985	0.000010 0.005839 0.000010 0.910831 0.083310
HG01986	0.001035 0.001550 0.000010 0.862205 0.135200
HG01988	0.000010 0.000010 0.005032 0.558734 0.436214
HG01989	0.004496 0.003220 0.000831 0.840960 0.150493
HG01990	0.000010 0.010804 0.000010 0.912221 0.076955
HG01991	0.775419 0.000010 0.000010 0.016234 0.208328
HG01992	0.943976 0.000010 0.000010 0.000010 0.055994
HG01997	0.930100 0.000010 0.000010 0.000010 0.069870
HG02002	0.823051 0.000010 0.003939 0.000010 0.172991
HG02003	0.870653 0.000010 0.000010 0.000010 0.129317
HG02006	0.342176 0.000010 0.004380 0.384976 0.268458
HG02008	0.882177 0.000010 0.000010 0.000010 0.117793
HG02009	0.003097 0.000123 0.000010 0.850132 0.146638
HG02010	0.002396 0.000010 0.000332 0.837095 0.160167
HG02012	0.000010 0.002331 0.000010 0.915413 0.082236
HG02013	0.000010 0.005278 0.000010 0.964559 0.030143
HG02014	0.000537 0.000010 0.000010 0.872961 0.126482
HG02016	0.001023 0.882370 0.116588 0.000010 0.000010
HG02017	0.000010 0.955005 0.044965 0.000010 0.000010
HG02019	0.000010 0.973514 0.022034 0.000010 0.004432
HG02020	0.000010 0.964851 0.032862 0.000010 0.002268
HG02023	0.001140 0.975695 0.021695 0.000010 0.001460
HG02025	0.000010 0.977262 0.022708 0.000010 0.000010
HG02026	0.000010 0.981683 0.018287 0.000010 0.000010
HG02028	0.000010 0.980031 0.019939 0.000010 0.000010
HG02029	0.000010 0.999960 0.000010 0.000010 0.000010
HG02031	0.000010 0.987753 0.007546 0.000010 0.004680
